54
124
922
609
842
965
261
902
374
147
216
535
854
938
856
965
393
52
80
168
342
878
540
53
406
632
581
328
508
401
861
307
939
10
259
567
848
730
41
715
992
898
988
851
482
146
524
922
232
948
148
796
745
6
548
133
435
662
54
934
712
929
46
113
871
13
85
682
508
161
15
209
2
545
467
30
960
485
75
924
921
876
830
1
97
789
730
748
316
231
13
232
65
394
878
696
168
133
751
323
984
113
575
635
228
734
205
448
583
637
663
938
285
558
764
127
19
922
190
546
66
787
844
725
640
467
606
344
392
506
115
114
291
356
768
39
575
179
418
42
503
729
558
37
691
8
22
848
225
549
919
582
476
842
665
710
204
500
62
216
254
332
767
470
910
410
995
413
26
958
898
236
104
873
689
469
123
844
718
785
194
798
726
17
418
740
101
42
989
828
430
649
938
876
36
831
247
9
9
694
573
449
100
477
163
92
32
657
38
513
162
661
263
245
307
954
540
962
280
298
84
237
550
618
245
1000
986
358
641
338
679
386
289
395
521
542
919
700
986
129
506
294
939
682
230
451
478
138
339
746
529
614
343
494
846
972
982
937
488
75
353
797
536
168
556
372
393
926
5
152
537
590
378
837
601
848
361
886
943
953
550
237
218
149
481
279
397
502
38
215
312
189
809
466
691
665
537
556
916
918
748
888
323
616
43
85
740
880
776
775
221
190
293
108
913
552
439
25
868
105
843
963
264
237
664
946
375
836
469
650
330
62
940
333
801
958
511
350
612
594
825
791
258
281
697
397
455
798
555
610
275
620
143
907
425
11
198
747
173
818
370
496
306
693
765
53
851
9
493
472
816
293
791
820
580
67
433
746
420
816
628
899
826
992
994
305
539
94
156
367
557
155
871
766
790
939
336
673
401
800
622
963
82
538
111
968
836
260
485
89
888
629
82
668
241
341
994
84
694
558
673
748
887
262
845
962
996
418
692
193
802
540
232
863
480
448
154
17
793
748
686
732
138
750
110
214
199
658
521
699
105
36
885
52
339
963
242
421
573
999
337
366
760
773
510
44
515
400
217
505
341
57
107
810
724
946
991
975
197
648
566
976
333
648
785
422
744
259
560
311
208
420
400
158
97
522
717
747
194
793
828
415
486
126
668
522
700
314
237
912
619
814
898
266
602
73
828
913
288
22
375
632
559
65
8
987
990
379
127
274
31
52
369
410
589
529
834
438
859
902
289
666
433
909
60
593
944
480
398
335
41
995
38
753
16
718
913
715
735
417
91
298
504
625
690
140
898
714
612
421
193
853
978
860
799
253
444
741
591
828
807
943
892
635
213
568
13
578
564
960
515
44
505
20
134
215
566
4
13
842
90
471
501
264
136
29
389
877
219
630
511
870
296
209
152
501
412
879
412
173
104
481
100
75
346
6
873
86
470
778
422
409
132
884
785
326
452
999
834
149
631
476
711
845
32
285
487
330
620
12
581
824
69
325
912
503
597
194
713
760
265
526
196
86
915
556
779
952
77
737
351
150
707
631
632
786
112
75
143
962
436
665
930
803
460
454
960
960
90
47
614
10
279
224
528
186
694
215
260
614
91
427
740
64
548
975
754
749
327
931
25
412
236
365
297
245
436
43
140
181
202
396
271
407
1000
832
35
428
734
422
204
503
271
773
225
250
36
756
525
813
861
421
389
873
244
703
564
239
853
484
467
382
84
907
653
541
845
527
378
941
145
103
322
139
15
623
613
173
898
822
897
315
130
561
611
640
925
409
809
432
495
153
543
348
504
843
696
28
693
163
112
725
817
715
600
299
494
809
66
8
870
86
789
382
943
816
419
186
358
738
385
961
307
338
854
575
702
764
72
741
48
349
676
187
718
619
756
783
193
147
166
36
769
290
394
167
803
632
196
854
864
314
611
290
928
847
777
894
535
598
725
344
647
374
861
144
590
933
479
646
138
133
314
945
722
780
640
845
374
675
911
165
146
593
849
602
927
632
40
850
402
873
566
756
617
740
812
51
27
451
497
737
976
247
30
62
633
730
191
849
17
823
884
510
380
95
889
641
566
166
955
858
248
645
244
226
783
937
329
772
861
955
970
927
515
649
721
892
487
150
447
635
787
870
859
226
126
244
796
408
736
367
257
207
328
106
679
417
663
363
796
45
538
903
97
345
564
484
917
578
579
878
311
218
132
126
396
753
185
456
370
927
322
68
268
361
210
280
527
394
171
940
716
780
516
46
280
679
18
110
728
137
213
356
424
334
965
817
942
170
